[gd_scene load_steps=11 format=3 uid="uid://bt3117ya7l6bb"]

[ext_resource type="PackedScene" uid="uid://cfdxnlehku751" path="res://Scenes/Player/player.tscn" id="1_qx8wr"]
[ext_resource type="Material" uid="uid://bn7nmygt5ptsr" path="res://Materials/blue.tres" id="2_do50k"]
[ext_resource type="Material" uid="uid://bmfjgel3rjc0m" path="res://Scenes/purple.tres" id="3_dnd5l"]
[ext_resource type="Material" uid="uid://co5ccairugehw" path="res://Materials/greyish.tres" id="4_7yicx"]
[ext_resource type="Material" uid="uid://sy84wdbs6yu7" path="res://Materials/green.tres" id="5_n2jbg"]
[ext_resource type="PackedScene" uid="uid://b5tq03d7fk0ji" path="res://Scenes/Enemy/enemy.tscn" id="6_foql8"]

[sub_resource type="ProceduralSkyMaterial" id="ProceduralSkyMaterial_cyy3s"]
sky_horizon_color = Color(0.662243, 0.671743, 0.686743, 1)
ground_horizon_color = Color(0.662243, 0.671743, 0.686743, 1)

[sub_resource type="Sky" id="Sky_d7bho"]
sky_material = SubResource("ProceduralSkyMaterial_cyy3s")

[sub_resource type="Environment" id="Environment_2b6ht"]
background_mode = 2
sky = SubResource("Sky_d7bho")
tonemap_mode = 2
glow_enabled = true

[sub_resource type="NavigationMesh" id="NavigationMesh_1cu7a"]

[node name="Sandbox" type="Node3D"]

[node name="WorldEnvironment" type="WorldEnvironment" parent="."]
environment = SubResource("Environment_2b6ht")

[node name="DirectionalLight3D" type="DirectionalLight3D" parent="."]
transform = Transform3D(-0.866025, -0.433013, 0.25, 0, 0.5, 0.866025, -0.5, 0.75, -0.433013, 0, 0, 0)
shadow_enabled = true

[node name="Player" parent="." groups=["player"] instance=ExtResource("1_qx8wr")]
transform = Transform3D(1, 0, 0, 0, 1, 0, 0, 0, 1, 0, 1, 0)

[node name="NavigationRegion3D" type="NavigationRegion3D" parent="."]
navigation_mesh = SubResource("NavigationMesh_1cu7a")

[node name="level objects" type="Node3D" parent="NavigationRegion3D"]

[node name="Stairs" type="CSGBox3D" parent="NavigationRegion3D/level objects"]
transform = Transform3D(-4.37114e-08, 0, -1, 0, 1, 0, 1, 0, -4.37114e-08, -18.1468, -0.15577, 7.53611)
use_collision = true
size = Vector3(1, 9, 6)
material = ExtResource("2_do50k")

[node name="Stair 2" type="CSGBox3D" parent="NavigationRegion3D/level objects/Stairs"]
transform = Transform3D(1, 0, 0, 0, 1, 0, 0, 0, 1, 0.760001, 0, 0)
size = Vector3(1, 8, 6)
material = ExtResource("2_do50k")

[node name="Stair 3" type="CSGBox3D" parent="NavigationRegion3D/level objects/Stairs"]
transform = Transform3D(1, 0, 0, 0, 1, 0, 0, 0, 1, 1.554, 0, 0)
size = Vector3(1, 7, 6)
material = ExtResource("2_do50k")

[node name="Stair 4" type="CSGBox3D" parent="NavigationRegion3D/level objects/Stairs"]
transform = Transform3D(1, 0, 0, 0, 1, 0, 0, 0, 1, 2.3656, 0, 0)
size = Vector3(1, 6, 6)
material = ExtResource("2_do50k")

[node name="Stair 5" type="CSGBox3D" parent="NavigationRegion3D/level objects/Stairs"]
transform = Transform3D(1, 0, 0, 0, 1, 0, 0, 0, 1, 3.03033, 0, 0)
size = Vector3(1, 5, 6)
material = ExtResource("2_do50k")

[node name="Stair 6" type="CSGBox3D" parent="NavigationRegion3D/level objects/Stairs"]
transform = Transform3D(1, 0, 0, 0, 1, 0, 0, 0, 1, 3.63013, 0, 0)
size = Vector3(1, 4, 6)
material = ExtResource("2_do50k")

[node name="Stair 7" type="CSGBox3D" parent="NavigationRegion3D/level objects/Stairs"]
transform = Transform3D(1, 0, 0, 0, 1, 0, 0, 0, 1, 4.09165, 0, 0)
size = Vector3(1, 3, 6)
material = ExtResource("2_do50k")

[node name="Stair 8" type="CSGBox3D" parent="NavigationRegion3D/level objects/Stairs"]
transform = Transform3D(1, 0, 0, 0, 1, 0, 0, 0, 1, 4.79503, -0.211905, 0)
size = Vector3(1, 2, 6)
material = ExtResource("2_do50k")

[node name="Stair 9" type="CSGBox3D" parent="NavigationRegion3D/level objects/Stairs"]
transform = Transform3D(1, 0, 0, 0, 1, 0, 0, 0, 1, 5.29893, -0.883536, 0)
size = Vector3(1, 2, 6)
material = ExtResource("2_do50k")

[node name="Stair 10" type="CSGBox3D" parent="NavigationRegion3D/level objects/Stairs"]
transform = Transform3D(1, 0, 0, 0, 1, 0, 0, 0, 1, 5.90659, -1.40922, 0)
size = Vector3(1, 2, 6)
material = ExtResource("2_do50k")

[node name="Building 1" type="Node3D" parent="NavigationRegion3D/level objects"]
transform = Transform3D(-0.0665874, 0, 0.997781, 0, 1, 0, -0.997781, 0, -0.0665874, -17.2554, 1.37547, 0.293777)

[node name="CSGCombiner3D" type="CSGCombiner3D" parent="NavigationRegion3D/level objects/Building 1"]
transform = Transform3D(1, 0, 0, 0, 1, 0, 0, 0, 1, 0, 0, 3.58202)
use_collision = true

[node name="X wall" type="CSGBox3D" parent="NavigationRegion3D/level objects/Building 1/CSGCombiner3D"]
transform = Transform3D(1, 0, 0, 0, 1, 0, 0, 0, 1, -1.22013, 0.0254515, 0)
size = Vector3(10, 6, 1)
material = ExtResource("3_dnd5l")

[node name="X Wall 2" type="CSGBox3D" parent="NavigationRegion3D/level objects/Building 1/CSGCombiner3D"]
transform = Transform3D(1, 0, 0, 0, 1, 0, 0, 0, 1, -1.12049, 0, -10)
size = Vector3(10, 6, 1)
material = ExtResource("3_dnd5l")

[node name="Z wall" type="CSGBox3D" parent="NavigationRegion3D/level objects/Building 1/CSGCombiner3D"]
transform = Transform3D(1, 0, 0, 0, 1, 0, 0, 0, 1, 4.26892, 0, -5.02485)
size = Vector3(1, 6, 11)
material = ExtResource("3_dnd5l")

[node name="Z wall2" type="CSGBox3D" parent="NavigationRegion3D/level objects/Building 1/CSGCombiner3D"]
transform = Transform3D(1, 0, 0, 0, 1, 0, 0, 0, 1, -6.56988, 0, -5.02485)
size = Vector3(1, 6, 11)
material = ExtResource("3_dnd5l")

[node name="roof" type="CSGBox3D" parent="NavigationRegion3D/level objects/Building 1/CSGCombiner3D"]
transform = Transform3D(1, 0, 0, 0, 1, 0, 0, 0, 1, -1.296, 2.5, -5.154)
size = Vector3(10.2, 1, 10.2)
material = ExtResource("3_dnd5l")

[node name="CSGCylinder3D" type="CSGCylinder3D" parent="NavigationRegion3D/level objects/Building 1/CSGCombiner3D"]
transform = Transform3D(1, 0, -8.47033e-22, 0, -4.37114e-08, -3, 0, 1, -1.31134e-07, -1.23734, -2.40537, 0.0473938)
operation = 2
radius = 1.083
height = 2.374

[node name="Building 2" type="Node3D" parent="NavigationRegion3D/level objects"]
transform = Transform3D(-1, 0, -8.74228e-08, 0, 1, 0, 8.74228e-08, 0, -1, 34.2563, 1.37547, 11.1926)

[node name="CSGCombiner3D" type="CSGCombiner3D" parent="NavigationRegion3D/level objects/Building 2"]
transform = Transform3D(1, 0, 0, 0, 1, 0, 0, 0, 1, 0, 0, 3.58202)
use_collision = true

[node name="X wall" type="CSGBox3D" parent="NavigationRegion3D/level objects/Building 2/CSGCombiner3D"]
transform = Transform3D(1, 0, 0, 0, 1, 0, 0, 0, 1, -1.22013, 0.0254515, 0)
size = Vector3(10, 6, 1)
material = ExtResource("3_dnd5l")

[node name="X Wall 2" type="CSGBox3D" parent="NavigationRegion3D/level objects/Building 2/CSGCombiner3D"]
transform = Transform3D(1, 0, 0, 0, 1, 0, 0, 0, 1, -1.12049, 0, -10)
size = Vector3(10, 6, 1)
material = ExtResource("3_dnd5l")

[node name="Z wall" type="CSGBox3D" parent="NavigationRegion3D/level objects/Building 2/CSGCombiner3D"]
transform = Transform3D(1, 0, 0, 0, 1, 0, 0, 0, 1, 4.26892, 0, -5.02485)
size = Vector3(1, 6, 11)
material = ExtResource("3_dnd5l")

[node name="Z wall2" type="CSGBox3D" parent="NavigationRegion3D/level objects/Building 2/CSGCombiner3D"]
transform = Transform3D(1, 0, 0, 0, 1, 0, 0, 0, 1, -6.56988, 0, -5.02485)
size = Vector3(1, 6, 11)
material = ExtResource("3_dnd5l")

[node name="roof" type="CSGBox3D" parent="NavigationRegion3D/level objects/Building 2/CSGCombiner3D"]
transform = Transform3D(1, 0, 0, 0, 1, 0, 0, 0, 1, -1.296, 2.5, -5.154)
size = Vector3(10.2, 1, 10.2)
material = ExtResource("3_dnd5l")

[node name="CSGCylinder3D" type="CSGCylinder3D" parent="NavigationRegion3D/level objects/Building 2/CSGCombiner3D"]
transform = Transform3D(1, 0, -8.47033e-22, 0, -4.37114e-08, -3, 0, 1, -1.31134e-07, -1.23734, -2.40537, 0.0473938)
operation = 2
radius = 1.083
height = 2.374

[node name="Building 3" type="Node3D" parent="NavigationRegion3D/level objects"]
transform = Transform3D(-1, 0, -8.74228e-08, 0, 1, 0, 8.74228e-08, 0, -1, 6.899, 1.65257, 33.864)

[node name="CSGCombiner3D" type="CSGCombiner3D" parent="NavigationRegion3D/level objects/Building 3"]
transform = Transform3D(1, 0, 0, 0, 1, 0, 0, 0, 1, 0, 0, 3.58202)
use_collision = true

[node name="X wall" type="CSGBox3D" parent="NavigationRegion3D/level objects/Building 3/CSGCombiner3D"]
transform = Transform3D(1, 0, 0, 0, 1, 0, 0, 0, 1, -1.22013, 0.0254515, 0)
size = Vector3(10, 6, 1)
material = ExtResource("3_dnd5l")

[node name="X Wall 2" type="CSGBox3D" parent="NavigationRegion3D/level objects/Building 3/CSGCombiner3D"]
transform = Transform3D(1, 0, 0, 0, 1, 0, 0, 0, 1, -1.12049, 0, -10)
size = Vector3(10, 6, 1)
material = ExtResource("3_dnd5l")

[node name="Z wall" type="CSGBox3D" parent="NavigationRegion3D/level objects/Building 3/CSGCombiner3D"]
transform = Transform3D(1, 0, 0, 0, 1, 0, 0, 0, 1, 4.26892, 0, -5.02485)
size = Vector3(1, 6, 11)
material = ExtResource("3_dnd5l")

[node name="Z wall2" type="CSGBox3D" parent="NavigationRegion3D/level objects/Building 3/CSGCombiner3D"]
transform = Transform3D(1, 0, 0, 0, 1, 0, 0, 0, 1, -6.56988, 0, -5.02485)
size = Vector3(1, 6, 11)
material = ExtResource("3_dnd5l")

[node name="roof" type="CSGBox3D" parent="NavigationRegion3D/level objects/Building 3/CSGCombiner3D"]
transform = Transform3D(1, 0, 0, 0, 1, 0, 0, 0, 1, -1.296, 2.5, -5.154)
size = Vector3(10.2, 1, 10.2)
material = ExtResource("3_dnd5l")

[node name="CSGCylinder3D" type="CSGCylinder3D" parent="NavigationRegion3D/level objects/Building 3/CSGCombiner3D"]
transform = Transform3D(1, 0, -8.47033e-22, 0, -4.37114e-08, -3, 0, 1, -1.31134e-07, -1.23734, -2.40537, 0.0473938)
operation = 2
radius = 1.083
height = 2.374

[node name="Rock 1" type="CSGPolygon3D" parent="NavigationRegion3D/level objects"]
transform = Transform3D(0.999915, 0.0130372, 0, -0.0130372, 0.999915, 0, 0, 0, 1, 30.8061, -0.212307, -13.6869)
use_collision = true
polygon = PackedVector2Array(-1.27846, -0.990804, 0.632242, 1.95126, 1.96051, 1.11612, 4.38164, -0.746942)
material = ExtResource("4_7yicx")

[node name="rock part 2" type="CSGPolygon3D" parent="NavigationRegion3D/level objects/Rock 1"]
transform = Transform3D(0.999999, 0, 1.04774e-09, 0, 0.991216, -0.132257, 0, 0.132256, 0.991216, 0.21889, -0.171983, 0.730565)
use_collision = true
polygon = PackedVector2Array(-1.27846, -0.990804, 0.303061, 1.59033, 1.28335, 1.37914, 3.93001, -0.912586)
material = ExtResource("4_7yicx")

[node name="rock part 3" type="CSGPolygon3D" parent="NavigationRegion3D/level objects/Rock 1/rock part 2"]
transform = Transform3D(-0.975207, 0.0124586, 0.220938, 0.0417442, 0.990845, 0.128383, -0.217316, 0.134423, -0.966801, 2.13854, -0.103919, -0.272312)
use_collision = true
polygon = PackedVector2Array(-1.73522, -0.642006, 0.521853, 1.42225, 2.23683, 1.22826, 3.65979, -1.08826)
material = ExtResource("4_7yicx")

[node name="rock part 4" type="CSGPolygon3D" parent="NavigationRegion3D/level objects/Rock 1/rock part 2/rock part 3"]
transform = Transform3D(-0.978588, 0.0606123, 0.196698, 0.0107476, 0.9694, -0.24525, -0.205544, -0.237885, -0.949297, 2.3833, -0.613175, -1.15041)
use_collision = true
polygon = PackedVector2Array(-1.09213, -0.528268, 0.3244, 1.60142, 2.1626, 1.48743, 3.66493, -0.11249)
material = ExtResource("4_7yicx")

[node name="rock part5" type="CSGPolygon3D" parent="NavigationRegion3D/level objects/Rock 1/rock part 2/rock part 3/rock part 4"]
transform = Transform3D(0.943228, -0.198727, -0.266143, 0.247264, 0.955116, 0.163143, 0.221774, -0.219687, 0.950028, -0.843131, 1.76581, -0.00633788)
use_collision = true
polygon = PackedVector2Array(2.87183, -1.86153, 0.342815, -1.83703, 0.865856, -0.902775, 2.21898, -0.845865)
material = ExtResource("4_7yicx")

[node name="rock section 2" type="CSGPolygon3D" parent="NavigationRegion3D/level objects/Rock 1"]
transform = Transform3D(-0.988609, -0.0388256, -0.145415, -0.0389642, 0.999238, -0.00189596, 0.145378, 0.0037916, -0.989369, 1.02018, -0.360054, -1.86042)
use_collision = true
polygon = PackedVector2Array(-1.27846, -0.990804, 0.632242, 1.95126, 1.96051, 1.11612, 4.38164, -0.746942)
material = ExtResource("4_7yicx")

[node name="rock part 2" type="CSGPolygon3D" parent="NavigationRegion3D/level objects/Rock 1/rock section 2"]
transform = Transform3D(0.999999, 0, 1.04774e-09, 0, 0.991216, -0.132257, 0, 0.132256, 0.991216, 0.21889, -0.171983, 0.730565)
use_collision = true
polygon = PackedVector2Array(-1.27846, -0.990804, 0.303061, 1.59033, 1.28335, 1.37914, 3.93001, -0.912586)
material = ExtResource("4_7yicx")

[node name="rock part 3" type="CSGPolygon3D" parent="NavigationRegion3D/level objects/Rock 1/rock section 2/rock part 2"]
transform = Transform3D(-0.975207, 0.0124586, 0.220938, 0.0417442, 0.990845, 0.128383, -0.217316, 0.134423, -0.966801, 2.13854, -0.103919, -0.272312)
use_collision = true
polygon = PackedVector2Array(-1.73522, -0.642006, 0.521853, 1.42225, 2.23683, 1.22826, 3.65979, -1.08826)
material = ExtResource("4_7yicx")

[node name="rock part 4" type="CSGPolygon3D" parent="NavigationRegion3D/level objects/Rock 1/rock section 2/rock part 2/rock part 3"]
transform = Transform3D(-0.978588, 0.0606123, 0.196698, 0.0107476, 0.9694, -0.24525, -0.205544, -0.237885, -0.949297, 2.3833, -0.613175, -1.15041)
use_collision = true
polygon = PackedVector2Array(-1.09213, -0.528268, 0.3244, 1.60142, 2.1626, 1.48743, 3.66493, -0.11249)
material = ExtResource("4_7yicx")

[node name="rock part5" type="CSGPolygon3D" parent="NavigationRegion3D/level objects/Rock 1/rock section 2/rock part 2/rock part 3/rock part 4"]
transform = Transform3D(0.943228, -0.198727, -0.266143, 0.247264, 0.955116, 0.163143, 0.221774, -0.219687, 0.950028, -0.843131, 1.76581, -0.00633788)
use_collision = true
polygon = PackedVector2Array(2.87183, -1.86153, 0.342815, -1.83703, 0.865856, -0.902775, 2.21898, -0.845865)
material = ExtResource("4_7yicx")

[node name="rock section 3" type="CSGPolygon3D" parent="NavigationRegion3D/level objects/Rock 1/rock section 2"]
transform = Transform3D(-0.224259, -0.0271824, -0.974151, -0.0190291, 0.999543, -0.0235103, 0.974344, 0.0132649, -0.224674, -0.502026, -0.399755, -1.31923)
use_collision = true
polygon = PackedVector2Array(-1.27846, -0.990804, 0.632242, 1.95126, 1.96051, 1.11612, 4.38164, -0.746942)
material = ExtResource("4_7yicx")

[node name="rock part 2" type="CSGPolygon3D" parent="NavigationRegion3D/level objects/Rock 1/rock section 2/rock section 3"]
transform = Transform3D(0.999999, 0, 1.04774e-09, 0, 0.991216, -0.132257, 0, 0.132256, 0.991216, 0.21889, -0.171983, 0.730565)
use_collision = true
polygon = PackedVector2Array(-1.27846, -0.990804, 0.303061, 1.59033, 1.28335, 1.37914, 3.93001, -0.912586)
material = ExtResource("4_7yicx")

[node name="rock part 3" type="CSGPolygon3D" parent="NavigationRegion3D/level objects/Rock 1/rock section 2/rock section 3/rock part 2"]
transform = Transform3D(-0.975207, 0.0124586, 0.220938, 0.0417442, 0.990845, 0.128383, -0.217316, 0.134423, -0.966801, 2.13854, -0.103919, -0.272312)
use_collision = true
polygon = PackedVector2Array(-1.73522, -0.642006, 0.521853, 1.42225, 2.23683, 1.22826, 3.65979, -1.08826)
material = ExtResource("4_7yicx")

[node name="rock part 4" type="CSGPolygon3D" parent="NavigationRegion3D/level objects/Rock 1/rock section 2/rock section 3/rock part 2/rock part 3"]
transform = Transform3D(-0.978588, 0.0606123, 0.196698, 0.0107476, 0.9694, -0.24525, -0.205544, -0.237885, -0.949297, 2.3833, -0.613175, -1.15041)
use_collision = true
polygon = PackedVector2Array(-1.09213, -0.528268, 0.3244, 1.60142, 2.1626, 1.48743, 3.66493, -0.11249)
material = ExtResource("4_7yicx")

[node name="rock part5" type="CSGPolygon3D" parent="NavigationRegion3D/level objects/Rock 1/rock section 2/rock section 3/rock part 2/rock part 3/rock part 4"]
transform = Transform3D(0.943228, -0.198727, -0.266143, 0.247264, 0.955116, 0.163143, 0.221774, -0.219687, 0.950028, -0.843131, 1.76581, -0.00633788)
use_collision = true
polygon = PackedVector2Array(2.87183, -1.86153, 0.342815, -1.83703, 0.865856, -0.902775, 2.21898, -0.845865)
material = ExtResource("4_7yicx")

[node name="Rock 2" type="CSGPolygon3D" parent="NavigationRegion3D/level objects"]
transform = Transform3D(0.999915, 0.0130372, 0, -0.0130372, 0.999915, 0, 0, 0, 1, -31.3866, -0.212307, -30.6099)
use_collision = true
polygon = PackedVector2Array(-1.27846, -0.990804, 0.632242, 1.95126, 1.96051, 1.11612, 4.38164, -0.746942)
material = ExtResource("4_7yicx")

[node name="rock part 2" type="CSGPolygon3D" parent="NavigationRegion3D/level objects/Rock 2"]
transform = Transform3D(0.999999, 0, 1.04774e-09, 0, 0.991216, -0.132257, 0, 0.132256, 0.991216, 0.21889, -0.171983, 0.730565)
use_collision = true
polygon = PackedVector2Array(-1.27846, -0.990804, 0.303061, 1.59033, 1.28335, 1.37914, 3.93001, -0.912586)
material = ExtResource("4_7yicx")

[node name="rock part 3" type="CSGPolygon3D" parent="NavigationRegion3D/level objects/Rock 2/rock part 2"]
transform = Transform3D(-0.975207, 0.0124586, 0.220938, 0.0417442, 0.990845, 0.128383, -0.217316, 0.134423, -0.966801, 2.13854, -0.103919, -0.272312)
use_collision = true
polygon = PackedVector2Array(-1.73522, -0.642006, 0.521853, 1.42225, 2.23683, 1.22826, 3.65979, -1.08826)
material = ExtResource("4_7yicx")

[node name="rock part 4" type="CSGPolygon3D" parent="NavigationRegion3D/level objects/Rock 2/rock part 2/rock part 3"]
transform = Transform3D(-0.978588, 0.0606123, 0.196698, 0.0107476, 0.9694, -0.24525, -0.205544, -0.237885, -0.949297, 2.3833, -0.613175, -1.15041)
use_collision = true
polygon = PackedVector2Array(-1.09213, -0.528268, 0.3244, 1.60142, 2.1626, 1.48743, 3.66493, -0.11249)
material = ExtResource("4_7yicx")

[node name="rock part5" type="CSGPolygon3D" parent="NavigationRegion3D/level objects/Rock 2/rock part 2/rock part 3/rock part 4"]
transform = Transform3D(0.943228, -0.198727, -0.266143, 0.247264, 0.955116, 0.163143, 0.221774, -0.219687, 0.950028, -0.843131, 1.76581, -0.00633788)
use_collision = true
polygon = PackedVector2Array(2.87183, -1.86153, 0.342815, -1.83703, 0.865856, -0.902775, 2.21898, -0.845865)
material = ExtResource("4_7yicx")

[node name="rock section 2" type="CSGPolygon3D" parent="NavigationRegion3D/level objects/Rock 2"]
transform = Transform3D(-0.988609, -0.0388256, -0.145415, -0.0389642, 0.999238, -0.00189596, 0.145378, 0.0037916, -0.989369, 1.02018, -0.360054, -1.86042)
use_collision = true
polygon = PackedVector2Array(-1.27846, -0.990804, 0.632242, 1.95126, 1.96051, 1.11612, 4.38164, -0.746942)
material = ExtResource("4_7yicx")

[node name="rock part 2" type="CSGPolygon3D" parent="NavigationRegion3D/level objects/Rock 2/rock section 2"]
transform = Transform3D(0.999999, 0, 1.04774e-09, 0, 0.991216, -0.132257, 0, 0.132256, 0.991216, 0.21889, -0.171983, 0.730565)
use_collision = true
polygon = PackedVector2Array(-1.27846, -0.990804, 0.303061, 1.59033, 1.28335, 1.37914, 3.93001, -0.912586)
material = ExtResource("4_7yicx")

[node name="rock part 3" type="CSGPolygon3D" parent="NavigationRegion3D/level objects/Rock 2/rock section 2/rock part 2"]
transform = Transform3D(-0.975207, 0.0124586, 0.220938, 0.0417442, 0.990845, 0.128383, -0.217316, 0.134423, -0.966801, 2.13854, -0.103919, -0.272312)
use_collision = true
polygon = PackedVector2Array(-1.73522, -0.642006, 0.521853, 1.42225, 2.23683, 1.22826, 3.65979, -1.08826)
material = ExtResource("4_7yicx")

[node name="rock part 4" type="CSGPolygon3D" parent="NavigationRegion3D/level objects/Rock 2/rock section 2/rock part 2/rock part 3"]
transform = Transform3D(-0.978588, 0.0606123, 0.196698, 0.0107476, 0.9694, -0.24525, -0.205544, -0.237885, -0.949297, 2.3833, -0.613175, -1.15041)
use_collision = true
polygon = PackedVector2Array(-1.09213, -0.528268, 0.3244, 1.60142, 2.1626, 1.48743, 3.66493, -0.11249)
material = ExtResource("4_7yicx")

[node name="rock part5" type="CSGPolygon3D" parent="NavigationRegion3D/level objects/Rock 2/rock section 2/rock part 2/rock part 3/rock part 4"]
transform = Transform3D(0.943228, -0.198727, -0.266143, 0.247264, 0.955116, 0.163143, 0.221774, -0.219687, 0.950028, -0.843131, 1.76581, -0.00633788)
use_collision = true
polygon = PackedVector2Array(2.87183, -1.86153, 0.342815, -1.83703, 0.865856, -0.902775, 2.21898, -0.845865)
material = ExtResource("4_7yicx")

[node name="rock section 3" type="CSGPolygon3D" parent="NavigationRegion3D/level objects/Rock 2/rock section 2"]
transform = Transform3D(-0.224259, -0.0271824, -0.974151, -0.0190291, 0.999543, -0.0235103, 0.974344, 0.0132649, -0.224674, -0.502026, -0.399755, -1.31923)
use_collision = true
polygon = PackedVector2Array(-1.27846, -0.990804, 0.632242, 1.95126, 1.96051, 1.11612, 4.38164, -0.746942)
material = ExtResource("4_7yicx")

[node name="rock part 2" type="CSGPolygon3D" parent="NavigationRegion3D/level objects/Rock 2/rock section 2/rock section 3"]
transform = Transform3D(0.999999, 0, 1.04774e-09, 0, 0.991216, -0.132257, 0, 0.132256, 0.991216, 0.21889, -0.171983, 0.730565)
use_collision = true
polygon = PackedVector2Array(-1.27846, -0.990804, 0.303061, 1.59033, 1.28335, 1.37914, 3.93001, -0.912586)
material = ExtResource("4_7yicx")

[node name="rock part 3" type="CSGPolygon3D" parent="NavigationRegion3D/level objects/Rock 2/rock section 2/rock section 3/rock part 2"]
transform = Transform3D(-0.975207, 0.0124586, 0.220938, 0.0417442, 0.990845, 0.128383, -0.217316, 0.134423, -0.966801, 2.13854, -0.103919, -0.272312)
use_collision = true
polygon = PackedVector2Array(-1.73522, -0.642006, 0.521853, 1.42225, 2.23683, 1.22826, 3.65979, -1.08826)
material = ExtResource("4_7yicx")

[node name="rock part 4" type="CSGPolygon3D" parent="NavigationRegion3D/level objects/Rock 2/rock section 2/rock section 3/rock part 2/rock part 3"]
transform = Transform3D(-0.978588, 0.0606123, 0.196698, 0.0107476, 0.9694, -0.24525, -0.205544, -0.237885, -0.949297, 2.3833, -0.613175, -1.15041)
use_collision = true
polygon = PackedVector2Array(-1.09213, -0.528268, 0.3244, 1.60142, 2.1626, 1.48743, 3.66493, -0.11249)
material = ExtResource("4_7yicx")

[node name="rock part5" type="CSGPolygon3D" parent="NavigationRegion3D/level objects/Rock 2/rock section 2/rock section 3/rock part 2/rock part 3/rock part 4"]
transform = Transform3D(0.943228, -0.198727, -0.266143, 0.247264, 0.955116, 0.163143, 0.221774, -0.219687, 0.950028, -0.843131, 1.76581, -0.00633788)
use_collision = true
polygon = PackedVector2Array(2.87183, -1.86153, 0.342815, -1.83703, 0.865856, -0.902775, 2.21898, -0.845865)
material = ExtResource("4_7yicx")

[node name="Rock 3" type="CSGPolygon3D" parent="NavigationRegion3D/level objects"]
transform = Transform3D(0.999915, 0.0130372, 0, -0.0130372, 0.999915, 0, 0, 0, 1, -40.9419, -0.212307, 44.1355)
use_collision = true
polygon = PackedVector2Array(-1.27846, -0.990804, 0.632242, 1.95126, 1.96051, 1.11612, 4.38164, -0.746942)
material = ExtResource("4_7yicx")

[node name="rock part 2" type="CSGPolygon3D" parent="NavigationRegion3D/level objects/Rock 3"]
transform = Transform3D(0.999999, 0, 1.04774e-09, 0, 0.991216, -0.132257, 0, 0.132256, 0.991216, 0.21889, -0.171983, 0.730565)
use_collision = true
polygon = PackedVector2Array(-1.27846, -0.990804, 0.303061, 1.59033, 1.28335, 1.37914, 3.93001, -0.912586)
material = ExtResource("4_7yicx")

[node name="rock part 3" type="CSGPolygon3D" parent="NavigationRegion3D/level objects/Rock 3/rock part 2"]
transform = Transform3D(-0.975207, 0.0124586, 0.220938, 0.0417442, 0.990845, 0.128383, -0.217316, 0.134423, -0.966801, 2.13854, -0.103919, -0.272312)
use_collision = true
polygon = PackedVector2Array(-1.73522, -0.642006, 0.521853, 1.42225, 2.23683, 1.22826, 3.65979, -1.08826)
material = ExtResource("4_7yicx")

[node name="rock part 4" type="CSGPolygon3D" parent="NavigationRegion3D/level objects/Rock 3/rock part 2/rock part 3"]
transform = Transform3D(-0.978588, 0.0606123, 0.196698, 0.0107476, 0.9694, -0.24525, -0.205544, -0.237885, -0.949297, 2.3833, -0.613175, -1.15041)
use_collision = true
polygon = PackedVector2Array(-1.09213, -0.528268, 0.3244, 1.60142, 2.1626, 1.48743, 3.66493, -0.11249)
material = ExtResource("4_7yicx")

[node name="rock part5" type="CSGPolygon3D" parent="NavigationRegion3D/level objects/Rock 3/rock part 2/rock part 3/rock part 4"]
transform = Transform3D(0.943228, -0.198727, -0.266143, 0.247264, 0.955116, 0.163143, 0.221774, -0.219687, 0.950028, -0.843131, 1.76581, -0.00633788)
use_collision = true
polygon = PackedVector2Array(2.87183, -1.86153, 0.342815, -1.83703, 0.865856, -0.902775, 2.21898, -0.845865)
material = ExtResource("4_7yicx")

[node name="rock section 2" type="CSGPolygon3D" parent="NavigationRegion3D/level objects/Rock 3"]
transform = Transform3D(-0.988609, -0.0388256, -0.145415, -0.0389642, 0.999238, -0.00189596, 0.145378, 0.0037916, -0.989369, 1.02018, -0.360054, -1.86042)
use_collision = true
polygon = PackedVector2Array(-1.27846, -0.990804, 0.632242, 1.95126, 1.96051, 1.11612, 4.38164, -0.746942)
material = ExtResource("4_7yicx")

[node name="rock part 2" type="CSGPolygon3D" parent="NavigationRegion3D/level objects/Rock 3/rock section 2"]
transform = Transform3D(0.999999, 0, 1.04774e-09, 0, 0.991216, -0.132257, 0, 0.132256, 0.991216, 0.21889, -0.171983, 0.730565)
use_collision = true
polygon = PackedVector2Array(-1.27846, -0.990804, 0.303061, 1.59033, 1.28335, 1.37914, 3.93001, -0.912586)
material = ExtResource("4_7yicx")

[node name="rock part 3" type="CSGPolygon3D" parent="NavigationRegion3D/level objects/Rock 3/rock section 2/rock part 2"]
transform = Transform3D(-0.975207, 0.0124586, 0.220938, 0.0417442, 0.990845, 0.128383, -0.217316, 0.134423, -0.966801, 2.13854, -0.103919, -0.272312)
use_collision = true
polygon = PackedVector2Array(-1.73522, -0.642006, 0.521853, 1.42225, 2.23683, 1.22826, 3.65979, -1.08826)
material = ExtResource("4_7yicx")

[node name="rock part 4" type="CSGPolygon3D" parent="NavigationRegion3D/level objects/Rock 3/rock section 2/rock part 2/rock part 3"]
transform = Transform3D(-0.978588, 0.0606123, 0.196698, 0.0107476, 0.9694, -0.24525, -0.205544, -0.237885, -0.949297, 2.3833, -0.613175, -1.15041)
use_collision = true
polygon = PackedVector2Array(-1.09213, -0.528268, 0.3244, 1.60142, 2.1626, 1.48743, 3.66493, -0.11249)
material = ExtResource("4_7yicx")

[node name="rock part5" type="CSGPolygon3D" parent="NavigationRegion3D/level objects/Rock 3/rock section 2/rock part 2/rock part 3/rock part 4"]
transform = Transform3D(0.943228, -0.198727, -0.266143, 0.247264, 0.955116, 0.163143, 0.221774, -0.219687, 0.950028, -0.843131, 1.76581, -0.00633788)
use_collision = true
polygon = PackedVector2Array(2.87183, -1.86153, 0.342815, -1.83703, 0.865856, -0.902775, 2.21898, -0.845865)
material = ExtResource("4_7yicx")

[node name="rock section 3" type="CSGPolygon3D" parent="NavigationRegion3D/level objects/Rock 3/rock section 2"]
transform = Transform3D(-0.224259, -0.0271824, -0.974151, -0.0190291, 0.999543, -0.0235103, 0.974344, 0.0132649, -0.224674, -0.502026, -0.399755, -1.31923)
use_collision = true
polygon = PackedVector2Array(-1.27846, -0.990804, 0.632242, 1.95126, 1.96051, 1.11612, 4.38164, -0.746942)
material = ExtResource("4_7yicx")

[node name="rock part 2" type="CSGPolygon3D" parent="NavigationRegion3D/level objects/Rock 3/rock section 2/rock section 3"]
transform = Transform3D(0.999999, 0, 1.04774e-09, 0, 0.991216, -0.132257, 0, 0.132256, 0.991216, 0.21889, -0.171983, 0.730565)
use_collision = true
polygon = PackedVector2Array(-1.27846, -0.990804, 0.303061, 1.59033, 1.28335, 1.37914, 3.93001, -0.912586)
material = ExtResource("4_7yicx")

[node name="rock part 3" type="CSGPolygon3D" parent="NavigationRegion3D/level objects/Rock 3/rock section 2/rock section 3/rock part 2"]
transform = Transform3D(-0.975207, 0.0124586, 0.220938, 0.0417442, 0.990845, 0.128383, -0.217316, 0.134423, -0.966801, 2.13854, -0.103919, -0.272312)
use_collision = true
polygon = PackedVector2Array(-1.73522, -0.642006, 0.521853, 1.42225, 2.23683, 1.22826, 3.65979, -1.08826)
material = ExtResource("4_7yicx")

[node name="rock part 4" type="CSGPolygon3D" parent="NavigationRegion3D/level objects/Rock 3/rock section 2/rock section 3/rock part 2/rock part 3"]
transform = Transform3D(-0.978588, 0.0606123, 0.196698, 0.0107476, 0.9694, -0.24525, -0.205544, -0.237885, -0.949297, 2.3833, -0.613175, -1.15041)
use_collision = true
polygon = PackedVector2Array(-1.09213, -0.528268, 0.3244, 1.60142, 2.1626, 1.48743, 3.66493, -0.11249)
material = ExtResource("4_7yicx")

[node name="rock part5" type="CSGPolygon3D" parent="NavigationRegion3D/level objects/Rock 3/rock section 2/rock section 3/rock part 2/rock part 3/rock part 4"]
transform = Transform3D(0.943228, -0.198727, -0.266143, 0.247264, 0.955116, 0.163143, 0.221774, -0.219687, 0.950028, -0.843131, 1.76581, -0.00633788)
use_collision = true
polygon = PackedVector2Array(2.87183, -1.86153, 0.342815, -1.83703, 0.865856, -0.902775, 2.21898, -0.845865)
material = ExtResource("4_7yicx")

[node name="Floor" type="CSGBox3D" parent="NavigationRegion3D"]
transform = Transform3D(1, 0, 0, 0, 1, 0, 0, 0, 1, 0.22625, -1.59908, 0.553261)
use_collision = true
size = Vector3(120, 1, 120)
material = ExtResource("5_n2jbg")

[node name="Enemy" parent="." instance=ExtResource("6_foql8")]
transform = Transform3D(1, 0, 0, 0, 1, 0, 0, 0, 1, 15.2016, 0, 8.44336)
